3,2
3,1
3,3
10,92
10,18
10,208
10,146
10,276
10,26
10,216
10,1
10,234
10,2
10,3
11,6
11,27
11,4
11,11
11,25
11,1
11,8
11,2
11,3
9,7
9,6
9,1
9,4
9,2
9,3
8,4
8,9
8,16
8,6
8,1
8,17
8,2
8,3
12,2
12,1
12,3
20,2
20,1
20,3
19,2
19,1
19,3
18,1
18,3
14,1
14,3
13,1
13,3
2,2
2,1
2,3
0,0
281,34
281,33
281,32
281,31
281,30
281,29
281,28
281,27
281,26
281,25
281,24
281,23
281,22
281,21
281,20
281,19
281,18
281,17
281,16
281,15
281,14
281,13
281,12
281,11
281,10
281,9
281,8
281,7
281,6
281,5
281,4
281,3
281,2
281,0
0,276
0,275
0,272
0,271
0,12
0,10
0,8
